%YAML:1.0
# Input-output configuration
input: [848, 800]
output: [848, 800]

# Camera calibration parameter
K1: !!opencv-matrix
   rows: 3
   cols: 3
   dt: d
   data: [ 286.5929870605469, 0.0, 425.65521240234375,
           0.0, 286.7554016113281, 401.4772033691406, 
           0.0, 0.0, 1.0 ]
D1: !!opencv-matrix
   rows: 1
   cols: 4
   dt: d
   data: [ -0.007233798038214445, 0.04678842052817345, -0.0452701710164547, 0.008559005334973335 ]
K2: !!opencv-matrix
   rows: 3
   cols: 3
   dt: d
   data: [ 286.635009765625, 0.0, 434.0403137207031,
           0.0, 286.7742004394531, 400.91729736328125, 
           0.0, 0.0, 1.0 ]
D2: !!opencv-matrix
   rows: 1
   cols: 4
   dt: d
   data: [-0.009588870219886303, 0.046627890318632126, -0.042112719267606735, 0.007430595811456442]
R: !!opencv-matrix
   rows: 3
   cols: 3
   dt: d
   data: [0.999975,-0.00321442, -0.00631769,
         0.00322045, 0.999994, 0.000945303,
         0.00631461, -0.000965625, 0.99998 ]
T: [ -0.06455674, 0.000170402970979922, -0.000189287995453924 ]
