%YAML:1.0
# Input-output configuration
input: [640, 400]
output: [640, 400]

# Camera calibration parameter
K1: !!opencv-matrix
   rows: 3
   cols: 3
   dt: d
   data: [ 394.05296481150515, 0.0, 316.7273353014745,
           0.0, 393.8151057288522, 190.68524358622915, 
           0.0, 0.0, 1.0 ]
D1: !!opencv-matrix
   rows: 1
   cols: 4
   dt: d
   data: [ -0.10581518641013807, -0.08061024778649183, 0.14190145005027527, -0.08261642694451797 ]
K2: !!opencv-matrix
   rows: 3
   cols: 3
   dt: d
   data: [ 395.15949773287707, 0.0, 314.8395777572649,
           0.0, 395.15775075009384, 183.20218794545636, 
           0.0, 0.0, 1.0 ]
D2: !!opencv-matrix
   rows: 1
   cols: 4
   dt: d
   data: [-0.11354904415802658, -0.025219010505811365, 0.03900288412119417, -0.02030407033697922]
R: !!opencv-matrix
   rows: 3
   cols: 3
   dt: d
   data: [0.9999835842611853, 0.000753077776813777, 0.005680148062542987,
         -0.0007761992882363899, 0.9999914183988006, 0.004069477044694006,
         -0.0056770346850519545, -0.004073819168104956, 0.9999755873392948]
T: [ -0.061948837173472146, -4.2930900689280616e-05, 0.0006486014877185229 ]
